4294967294,112
4294967294,169
4294967294,173
4294967294,61
4294967294,165
4294967294,167
4294967294,177
4294967294,160
4294967294,12
4294967294,175
4294967294,176
4294967294,5
4294967279,236
4294967278,237
4294967279,235
4294967278,236
73,4
4294967279,234
73,3
73,2
73,1
4294967278,235
4294967294,386
4294967294,114
4294967279,233
4294967278,304
4294967279,229
4294967278,232
4294967278,231
72,6
4294967278,228
4294967279,228
4294967279,227
72,5
4294967278,227
4294967279,225
4294967278,226
72,4
4294967279,224
72,3
72,2
72,1
4294967278,225
4294967279,223
4294967278,224
4294967279,220
4294967278,223
4294967278,222
71,5
4294967279,219
4294967278,220
4294967279,218
71,4
4294967278,219
71,3
71,2
71,1
4294967279,217
4294967278,218
4294967279,215
4294967278,214
4294967279,214
4294967279,213
70,5
4294967278,213
4294967279,211
4294967278,212
70,4
4294967279,210
70,3
70,2
70,1
4294967278,211
4294967279,209
4294967278,210
4294967294,634
4294967279,206
4294967278,209
4294967293,131
4294967293,130
4294967293,129
4294967293,128
4294967293,127
4294967293,126
4294967293,125
4294967293,124
4294967293,123
4294967293,122
4294967293,121
4294967293,120
4294967293,119
4294967293,118
4294967293,117
4294967293,116
4294967293,115
4294967293,114
4294967293,113
4294967293,112
4294967293,111
4294967293,110
4294967293,109
4294967293,108
4294967293,107
4294967293,106
4294967293,105
4294967293,104
4294967293,103
4294967293,102
4294967293,101
4294967293,100
4294967293,99
4294967293,98
4294967293,97
4294967293,96
4294967293,95
4294967293,94
4294967293,93
4294967293,92
4294967293,91
4294967293,90
4294967293,89
4294967293,87
4294967293,86
4294967293,85
4294967293,84
4294967293,83
4294967293,82
4294967293,81
4294967293,80
4294967293,79
4294967293,78
4294967293,77
4294967293,76
4294967293,75
4294967293,74
4294967293,73
4294967293,72
4294967293,71
4294967293,70
4294967293,69
4294967293,68
4294967293,67
4294967293,66
4294967293,65
4294967293,64
4294967293,63
4294967293,62
4294967293,61
4294967293,60
4294967293,59
4294967293,58
4294967293,57
4294967293,56
4294967293,55
4294967293,54
4294967293,53
4294967293,52
4294967293,51
4294967293,50
4294967293,49
4294967293,48
4294967293,47
4294967293,46
4294967293,45
4294967293,44
4294967293,43
4294967293,42
4294967293,41
4294967293,40
4294967293,39
4294967293,38
4294967293,37
4294967293,36
4294967293,35
4294967293,34
4294967293,33
4294967293,32
4294967293,31
4294967293,30
4294967293,29
4294967293,28
4294967293,27
4294967293,26
4294967293,25
4294967293,24
4294967293,23
4294967293,22
4294967293,21
4294967293,20
4294967293,19
4294967293,18
4294967293,17
4294967293,16
4294967293,15
4294967293,14
4294967293,13
4294967293,12
4294967293,11
4294967293,10
4294967293,9
4294967293,8
4294967293,7
4294967293,6
4294967293,5
4294967293,4
4294967293,3
4294967278,306
4294967278,373
4294967278,130
4294967278,305
4294967278,341
4294967278,340
4294967278,123
4294967278,234
4294967278,233
4294967278,372
4294967278,117
4294967278,339
4294967278,338
4294967278,337
4294967278,336
4294967278,110
4294967278,371
4294967278,109
4294967278,335
4294967278,108
4294967278,370
4294967278,107
4294967278,334
4294967278,333
4294967278,332
4294967278,331
4294967278,369
4294967278,101
4294967278,303
4294967278,302
4294967278,301
4294967278,300
4294967278,299
4294967278,96
4294967278,298
4294967278,297
4294967278,94
4294967278,296
4294967278,295
4294967278,294
4294967278,293
4294967278,90
4294967278,292
4294967278,201
4294967278,87
4294967278,200
4294967278,199
4294967278,291
4294967278,290
4294967278,289
4294967278,82
4294967278,288
4294967278,194
4294967278,80
4294967278,193
4294967278,79
4294967278,287
4294967278,191
4294967278,190
4294967278,76
4294967278,286
4294967278,188
4294967278,74
4294967278,187
4294967278,284
4294967278,185
4294967278,184
4294967278,183
4294967278,69
4294967278,182
4294967278,181
4294967278,67
4294967278,180
4294967278,283
4294967278,178
4294967278,177
4294967278,63
4294967278,282
4294967278,175
4294967278,61
4294967278,173
4294967278,60
4294967278,281
4294967278,59
4294967278,280
4294967278,58
4294967278,279
4294967278,57
4294967278,169
4294967278,56
4294967278,168
4294967278,55
4294967278,278
4294967278,166
4294967278,165
4294967278,277
4294967278,163
4294967278,162
4294967278,49
4294967278,276
4294967278,160
4294967278,275
4294967278,157
4294967278,274
4294967278,273
4294967278,272
4294967278,42
4294967278,271
4294967278,270
4294967278,40
4294967278,269
4294967278,268
4294967278,38
4294967278,267
4294967278,37
4294967278,367
4294967278,35
4294967278,374
4294967278,32
4294967278,366
4294967278,30
4294967278,365
4294967278,29
4294967278,364
4294967278,28
4294967278,363
4294967278,27
4294967278,26
4294967278,362
4294967278,25
4294967278,361
4294967278,24
4294967278,360
4294967278,23
4294967278,174
4294967278,2
4294967278,88
4294967278,22
4294967278,359
4294967278,21
4294967278,358
4294967278,20
4294967278,357
4294967278,19
4294967278,356
4294967278,18
4294967278,355
4294967278,17
4294967278,354
4294967278,16
4294967278,353
4294967278,15
4294967278,352
4294967278,14
4294967278,351
4294967278,13
4294967278,350
4294967278,12
4294967278,349
4294967278,11
4294967278,348
4294967278,10
4294967278,346
4294967278,347
4294967278,9
4294967278,345
4294967278,8
4294967278,0
4294967278,260
4294967278,344
4294967278,7
4294967278,343
4294967278,6
4294967278,342
4294967278,5
4294967278,307
4294967279,343
4294967279,132
4294967279,342
4294967279,131
4294967279,307
4294967279,130
4294967279,306
4294967279,129
4294967279,341
4294967279,128
4294967279,340
4294967279,127
4294967279,339
4294967279,126
4294967279,338
4294967279,125
4294967279,337
4294967279,124
4294967279,336
4294967279,123
4294967279,335
4294967279,122
4294967279,232
4294967279,121
4294967279,231
4294967279,120
4294967279,334
4294967279,119
4294967279,333
4294967279,118
4294967279,332
4294967279,117
4294967279,331
4294967279,116
4294967279,330
4294967279,114
4294967279,329
4294967279,113
4294967279,328
4294967279,111
4294967279,357
4294967279,110
4294967279,356
4294967279,109
4294967279,327
4294967279,108
4294967279,326
4294967279,104
4294967279,325
4294967279,103
4294967279,324
4294967279,101
4294967279,304
4294967279,303
4294967279,99
4294967279,302
4294967279,98
4294967279,301
4294967279,300
4294967279,96
4294967279,299
4294967279,95
4294967279,298
4294967279,94
4294967279,297
4294967279,93
4294967279,296
4294967279,92
4294967279,295
4294967279,294
4294967279,90
4294967279,293
4294967279,89
4294967279,292
4294967279,87
4294967279,197
4294967279,85
4294967279,196
4294967279,84
4294967279,195
4294967279,83
4294967279,194
4294967279,82
4294967279,193
4294967279,81
4294967279,289
4294967279,80
4294967279,191
4294967279,79
4294967279,190
4294967279,78
4294967279,288
4294967279,188
4294967279,76
4294967279,187
4294967279,75
4294967279,287
4294967279,74
4294967279,185
4294967279,73
4294967279,184
4294967279,72
4294967279,286
4294967279,285
4294967279,70
4294967279,284
4294967279,283
4294967279,68
4294967279,282
4294967279,178
4294967279,66
4294967279,177
4294967279,65
4294967279,281
4294967279,175
4294967279,63
4294967279,173
4294967279,62
4294967279,280
4294967279,61
4294967279,171
4294967279,60
4294967279,170
4294967279,59
4294967279,169
4294967279,58
4294967279,168
4294967279,57
4294967279,278
4294967279,56
4294967279,166
4294967279,55
4294967279,165
4294967279,54
4294967279,277
4294967279,163
4294967279,52
4294967279,2
4294967279,88
4294967279,162
4294967279,51
4294967279,276
4294967279,50
4294967279,275
4294967279,274
4294967279,158
4294967279,47
4294967279,273
4294967279,46
4294967279,272
4294967279,45
4294967279,271
4294967279,44
4294967279,270
4294967279,43
4294967279,269
4294967279,42
4294967279,268
4294967279,41
4294967279,267
4294967279,40
4294967279,266
4294967279,265
4294967279,38
4294967279,37
4294967279,350
4294967279,36
4294967279,35
4294967279,349
4294967279,33
4294967279,348
4294967279,32
4294967279,365
4294967279,30
4294967279,364
4294967279,29
4294967279,363
4294967279,28
4294967279,362
4294967279,27
4294967279,137
4294967279,26
4294967279,361
4294967279,23
4294967279,22
4294967279,360
4294967279,21
4294967279,347
4294967279,20
4294967279,345
4294967279,17
4294967279,359
4294967279,14
4294967279,358
4294967279,8
4294967279,344
4294967279,5
4294967279,346
4294967279,174
4294967279,0
4294967279,260
4294967279,308
4294967279,4
4294967278,208
69,5
4294967279,205
4294967278,206
4294967279,204
69,4
4294967278,205
69,3
69,2
69,1
4294967279,203
4294967294,89
4294967294,453
4294967294,416
4294967294,410
4294967294,417
4294967294,451
4294967294,402
4294967294,1
4294967294,46
4294967278,204
4294967294,22
4294967278,203
4294967294,81
4294967279,86
4294967294,107
4294967294,393
4294967278,202
4294967294,7
4294967279,200
4294967294,6
4294967294,94
4294967294,93
4294967294,96
4294967294,95
4294967278,329
68,4
4294967279,199
68,3
68,2
68,1
0,5
4294967279,291
4294967278,330
4294967294,8
0,7
4294967294,2
4294967294,120
4294967294,45
4294967294,44
4294967294,53
4294967294,51
4294967294,29
4294967294,28
4294967294,27
4294967294,25
4294967294,91
4294967294,90
4294967294,87
4294967294,86
4294967294,85
4294967294,84
4294967294,83
4294967279,198
4294967294,11
4294967294,92
4294967294,88
4294967294,17
4294967294,42
4294967294,67
4294967294,99
4294967294,76
4294967294,41
4294967294,115
4294967294,43
4294967294,392
4294967294,116
4294967294,168
4294967294,162
4294967294,166
4294967294,24
4294967294,184
4294967294,26
4294967294,188
4294967294,185
4294967294,82
4294967294,883
4294967294,537
4294967294,656
4294967294,187
4294967294,884
4294967294,651
4294967294,650
21,0
4294967294,663
4294967294,538
4294967294,552
4294967294,387
4294967294,531
4294967294,571
4294967294,183
4294967294,1235
4294967294,575
4294967294,570
4294967294,557
4294967294,555
4294967294,544
4294967294,1105
4294967294,385
4294967294,149
4294967294,148
4294967294,147
4294967294,146
4294967294,145
4294967294,144
4294967294,143
4294967294,142
4294967294,141
4294967294,140
4294967294,138
4294967294,139
4294967294,137
4294967294,136
4294967294,135
4294967294,134
4294967294,133
4294967294,132
4294967294,131
4294967294,130
4294967294,129
4294967294,128
4294967294,854
4294967294,853
4294967294,892
4294967294,725
4294967294,704
4294967294,1217
4294967294,541
4294967294,894
4294967294,706
4294967294,851
4294967294,59
4294967294,58
4243767290,0
4294967294,463
4294967294,462
4294967294,461
4294967294,633
4294967294,460
4294967294,459
4294967294,458
4294967294,363
4294967294,362
4294967294,361
4294967294,360
4294967294,359
4294967294,358
4294967294,357
4294967294,356
4294967294,355
4294967294,354
4294967294,353
4294967294,352
4294967294,351
4294967294,350
4294967294,349
4294967294,348
4294967294,347
4294967294,4
4294967278,75
4294967279,71
4294967279,69
4294967294,122
4294967294,121
4294967279,64
4294967278,62
4294967278,415
4294967294,705
4294967294,1253
4294967294,1252
4294967279,404
4294967294,1251
4294967294,1250
4294967294,1249
4294967279,403
4294967294,1248
4294967294,1247
4294967294,1245
4294967294,1246
4294967294,1238
4294967294,1244
4294967294,1243
4294967294,1237
4294967294,1242
4294967279,402
4294967294,1241
4294967294,1239
4294967294,1126
4294967294,1236
4294967294,1233
4294967294,1782
4294967294,1781
4294967294,1780
4294967294,1779
4294967294,1778
4294967294,1777
4294967294,1776
4294967294,1775
4294967294,1774
4294967294,1773
4294967294,1772
4294967294,1771
4294967294,1770
4294967294,1769
4294967294,1768
4294967294,1767
4294967294,1766
4294967294,1765
4294967294,1764
4294967294,1763
4294967294,1762
4294967294,1761
4294967294,1760
4294967294,1759
4294967294,1758
4294967294,1757
4294967294,1756
4294967294,1232
4294967294,1140
4294967294,1755
4294967294,1754
4294967294,1139
4294967294,1753
4294967294,1752
4294967294,1751
4294967294,1750
